  0.89739643956474746        2.4847419078686223E-002   2.4847419078686223E-002   1.6260817653647027E-003   3.6242680193299015E-002   3.6242680193299015E-002   1.6260817653647027E-003   2.4847419078686223E-002   2.4847419078686223E-002  -1.7601729041287376E-002  -1.0440552150937957E-002  -2.1401420397156631E-002  -1.0440552150937957E-002   2.4847419078686223E-002  -1.0440552150937957E-002  -2.1401420397156631E-002  -1.0440552150937957E-002  -1.7601729041287376E-002   1.0904055907015028E-002   1.0904055907015028E-002  -9.0196219576141184E-003  -4.2265730624494692E-003  -4.2265730624494692E-003  -9.0196219576141184E-003   1.0904055907015028E-002   1.0904055907015028E-002   8.9634682772738918E-003
   2.4847419078686223E-002  0.89739643956474746        2.4847419078686223E-002   1.6260817653647027E-003   3.6242680193299015E-002  -1.7601729041287376E-002  -1.0440552150937957E-002  -2.1401420397156631E-002   1.0904055907015028E-002   3.6242680193299015E-002   1.6260817653647027E-003   2.4847419078686223E-002  -1.0440552150937957E-002   2.4847419078686223E-002  -1.0440552150937957E-002   1.0904055907015028E-002  -9.0196219576141184E-003  -4.2265730624494692E-003   2.4847419078686223E-002  -2.1401420397156631E-002  -1.0440552150937957E-002  -1.7601729041287376E-002  -4.2265730624494692E-003  -9.0196219576141184E-003   1.0904055907015028E-002   8.9634682772738918E-003   1.0904055907015028E-002
   2.4847419078686223E-002   2.4847419078686223E-002  0.89739643956474746        1.6260817653647027E-003  -1.7601729041287376E-002   3.6242680193299015E-002  -1.0440552150937957E-002   1.0904055907015028E-002  -2.1401420397156631E-002   3.6242680193299015E-002  -1.0440552150937957E-002   1.0904055907015028E-002   1.6260817653647027E-003   2.4847419078686223E-002  -9.0196219576141184E-003   2.4847419078686223E-002  -1.0440552150937957E-002  -4.2265730624494692E-003  -2.1401420397156631E-002   2.4847419078686223E-002  -1.0440552150937957E-002  -4.2265730624494692E-003  -1.7601729041287376E-002  -9.0196219576141184E-003   8.9634682772738918E-003   1.0904055907015028E-002   1.0904055907015028E-002
   1.6260817653647027E-003   1.6260817653647027E-003   1.6260817653647027E-003  0.89739643956474746        1.6260817653647027E-003   1.6260817653647027E-003   3.6242680193299015E-002  -1.0440552150937957E-002  -1.0440552150937957E-002   1.6260817653647027E-003   3.6242680193299015E-002  -1.0440552150937957E-002   3.6242680193299015E-002   1.6260817653647027E-003   2.4847419078686223E-002  -1.0440552150937957E-002   2.4847419078686223E-002  -1.0440552150937957E-002  -1.0440552150937957E-002  -1.0440552150937957E-002   2.4847419078686223E-002  -1.0440552150937957E-002  -1.0440552150937957E-002  -1.7601729041287376E-002  -9.0196219576141184E-003  -9.0196219576141184E-003  -9.0196219576141184E-003
   3.6242680193299015E-002   3.6242680193299015E-002  -1.7601729041287376E-002   1.6260817653647027E-003  0.89739643956474746        2.4847419078686223E-002   1.6260817653647027E-003   3.6242680193299015E-002  -1.7601729041287376E-002   2.4847419078686223E-002   1.6260817653647027E-003   3.6242680193299015E-002  -1.0440552150937957E-002   3.6242680193299015E-002   1.6260817653647027E-003  -4.2265730624494692E-003  -1.0440552150937957E-002   2.4847419078686223E-002  -1.7601729041287376E-002  -4.2265730624494692E-003  -1.0440552150937957E-002   2.4847419078686223E-002  -2.1401420397156631E-002  -1.0440552150937957E-002  -1.7601729041287376E-002  -4.2265730624494692E-003  -4.2265730624494692E-003
   3.6242680193299015E-002  -1.7601729041287376E-002   3.6242680193299015E-002   1.6260817653647027E-003   2.4847419078686223E-002  0.89739643956474746        1.6260817653647027E-003  -1.7601729041287376E-002   3.6242680193299015E-002   2.4847419078686223E-002  -1.0440552150937957E-002  -4.2265730624494692E-003   1.6260817653647027E-003   3.6242680193299015E-002  -1.0440552150937957E-002   3.6242680193299015E-002   1.6260817653647027E-003   2.4847419078686223E-002  -4.2265730624494692E-003  -1.7601729041287376E-002  -1.0440552150937957E-002  -2.1401420397156631E-002   2.4847419078686223E-002  -1.0440552150937957E-002  -4.2265730624494692E-003  -1.7601729041287376E-002  -4.2265730624494692E-003
   1.6260817653647027E-003  -1.0440552150937957E-002  -1.0440552150937957E-002   3.6242680193299015E-002   1.6260817653647027E-003   1.6260817653647027E-003  0.89739643956474746        1.6260817653647027E-003   1.6260817653647027E-003  -1.0440552150937957E-002   2.4847419078686223E-002  -1.0440552150937957E-002   2.4847419078686223E-002   1.6260817653647027E-003   3.6242680193299015E-002  -1.0440552150937957E-002   3.6242680193299015E-002   1.6260817653647027E-003  -9.0196219576141184E-003  -9.0196219576141184E-003  -1.7601729041287376E-002  -1.0440552150937957E-002  -1.0440552150937957E-002   2.4847419078686223E-002  -1.0440552150937957E-002  -1.0440552150937957E-002  -9.0196219576141184E-003
   2.4847419078686223E-002  -2.1401420397156631E-002   1.0904055907015028E-002  -1.0440552150937957E-002   3.6242680193299015E-002  -1.7601729041287376E-002   1.6260817653647027E-003  0.89739643956474746        2.4847419078686223E-002  -4.2265730624494692E-003  -1.0440552150937957E-002   2.4847419078686223E-002  -9.0196219576141184E-003   2.4847419078686223E-002   1.6260817653647027E-003   1.0904055907015028E-002  -1.0440552150937957E-002   3.6242680193299015E-002   1.0904055907015028E-002   8.9634682772738918E-003  -9.0196219576141184E-003  -1.7601729041287376E-002  -4.2265730624494692E-003  -1.0440552150937957E-002   2.4847419078686223E-002  -2.1401420397156631E-002   1.0904055907015028E-002
   2.4847419078686223E-002   1.0904055907015028E-002  -2.1401420397156631E-002  -1.0440552150937957E-002  -1.7601729041287376E-002   3.6242680193299015E-002   1.6260817653647027E-003   2.4847419078686223E-002  0.89739643956474746       -4.2265730624494692E-003  -9.0196219576141184E-003   1.0904055907015028E-002  -1.0440552150937957E-002   2.4847419078686223E-002  -1.0440552150937957E-002   2.4847419078686223E-002   1.6260817653647027E-003   3.6242680193299015E-002   8.9634682772738918E-003   1.0904055907015028E-002  -9.0196219576141184E-003  -4.2265730624494692E-003  -1.7601729041287376E-002  -1.0440552150937957E-002  -2.1401420397156631E-002   2.4847419078686223E-002   1.0904055907015028E-002
  -1.7601729041287376E-002   3.6242680193299015E-002   3.6242680193299015E-002   1.6260817653647027E-003   2.4847419078686223E-002   2.4847419078686223E-002  -1.0440552150937957E-002  -4.2265730624494692E-003  -4.2265730624494692E-003  0.89739643956474746        1.6260817653647027E-003  -1.7601729041287376E-002   1.6260817653647027E-003   3.6242680193299015E-002  -1.0440552150937957E-002  -1.7601729041287376E-002  -1.0440552150937957E-002  -2.1401420397156631E-002   3.6242680193299015E-002   3.6242680193299015E-002   1.6260817653647027E-003   2.4847419078686223E-002   2.4847419078686223E-002  -1.0440552150937957E-002  -4.2265730624494692E-003  -4.2265730624494692E-003  -1.7601729041287376E-002
  -1.0440552150937957E-002   1.6260817653647027E-003  -1.0440552150937957E-002   3.6242680193299015E-002   1.6260817653647027E-003  -1.0440552150937957E-002   2.4847419078686223E-002  -1.0440552150937957E-002  -9.0196219576141184E-003   1.6260817653647027E-003  0.89739643956474746        1.6260817653647027E-003   2.4847419078686223E-002   1.6260817653647027E-003   3.6242680193299015E-002  -9.0196219576141184E-003  -1.7601729041287376E-002  -1.0440552150937957E-002   1.6260817653647027E-003  -1.0440552150937957E-002   3.6242680193299015E-002   1.6260817653647027E-003  -1.0440552150937957E-002   2.4847419078686223E-002  -1.0440552150937957E-002  -9.0196219576141184E-003  -1.0440552150937957E-002
  -2.1401420397156631E-002   2.4847419078686223E-002   1.0904055907015028E-002  -1.0440552150937957E-002   3.6242680193299015E-002  -4.2265730624494692E-003  -1.0440552150937957E-002   2.4847419078686223E-002   1.0904055907015028E-002  -1.7601729041287376E-002   1.6260817653647027E-003  0.89739643956474746       -9.0196219576141184E-003   2.4847419078686223E-002   1.6260817653647027E-003   8.9634682772738918E-003  -9.0196219576141184E-003  -1.7601729041287376E-002   2.4847419078686223E-002   1.0904055907015028E-002  -1.0440552150937957E-002   3.6242680193299015E-002  -4.2265730624494692E-003  -1.0440552150937957E-002   2.4847419078686223E-002   1.0904055907015028E-002  -2.1401420397156631E-002
  -1.0440552150937957E-002  -1.0440552150937957E-002   1.6260817653647027E-003   3.6242680193299015E-002  -1.0440552150937957E-002   1.6260817653647027E-003   2.4847419078686223E-002  -9.0196219576141184E-003  -1.0440552150937957E-002   1.6260817653647027E-003   2.4847419078686223E-002  -9.0196219576141184E-003  0.89739643956474746        1.6260817653647027E-003  -1.7601729041287376E-002   1.6260817653647027E-003   3.6242680193299015E-002  -1.0440552150937957E-002  -1.0440552150937957E-002   1.6260817653647027E-003   3.6242680193299015E-002  -1.0440552150937957E-002   1.6260817653647027E-003   2.4847419078686223E-002  -9.0196219576141184E-003  -1.0440552150937957E-002  -1.0440552150937957E-002
   2.4847419078686223E-002   2.4847419078686223E-002   2.4847419078686223E-002   1.6260817653647027E-003   3.6242680193299015E-002   3.6242680193299015E-002   1.6260817653647027E-003   2.4847419078686223E-002   2.4847419078686223E-002   3.6242680193299015E-002   1.6260817653647027E-003   2.4847419078686223E-002   1.6260817653647027E-003  0.89739643956474746        1.6260817653647027E-003   2.4847419078686223E-002   1.6260817653647027E-003   3.6242680193299015E-002   2.4847419078686223E-002   2.4847419078686223E-002   1.6260817653647027E-003   3.6242680193299015E-002   3.6242680193299015E-002   1.6260817653647027E-003   2.4847419078686223E-002   2.4847419078686223E-002   2.4847419078686223E-002
  -1.0440552150937957E-002  -1.0440552150937957E-002  -9.0196219576141184E-003   2.4847419078686223E-002   1.6260817653647027E-003  -1.0440552150937957E-002   3.6242680193299015E-002   1.6260817653647027E-003  -1.0440552150937957E-002  -1.0440552150937957E-002   3.6242680193299015E-002   1.6260817653647027E-003  -1.7601729041287376E-002   1.6260817653647027E-003  0.89739643956474746       -9.0196219576141184E-003   2.4847419078686223E-002   1.6260817653647027E-003  -1.0440552150937957E-002  -9.0196219576141184E-003   2.4847419078686223E-002   1.6260817653647027E-003  -1.0440552150937957E-002   3.6242680193299015E-002   1.6260817653647027E-003  -1.0440552150937957E-002  -1.0440552150937957E-002
  -2.1401420397156631E-002   1.0904055907015028E-002   2.4847419078686223E-002  -1.0440552150937957E-002  -4.2265730624494692E-003   3.6242680193299015E-002  -1.0440552150937957E-002   1.0904055907015028E-002   2.4847419078686223E-002  -1.7601729041287376E-002  -9.0196219576141184E-003   8.9634682772738918E-003   1.6260817653647027E-003   2.4847419078686223E-002  -9.0196219576141184E-003  0.89739643956474746        1.6260817653647027E-003  -1.7601729041287376E-002   1.0904055907015028E-002   2.4847419078686223E-002  -1.0440552150937957E-002  -4.2265730624494692E-003   3.6242680193299015E-002  -1.0440552150937957E-002   1.0904055907015028E-002   2.4847419078686223E-002  -2.1401420397156631E-002
  -1.0440552150937957E-002  -9.0196219576141184E-003  -1.0440552150937957E-002   2.4847419078686223E-002  -1.0440552150937957E-002   1.6260817653647027E-003   3.6242680193299015E-002  -1.0440552150937957E-002   1.6260817653647027E-003  -1.0440552150937957E-002  -1.7601729041287376E-002  -9.0196219576141184E-003   3.6242680193299015E-002   1.6260817653647027E-003   2.4847419078686223E-002   1.6260817653647027E-003  0.89739643956474746        1.6260817653647027E-003  -9.0196219576141184E-003  -1.0440552150937957E-002   2.4847419078686223E-002  -1.0440552150937957E-002   1.6260817653647027E-003   3.6242680193299015E-002  -1.0440552150937957E-002   1.6260817653647027E-003  -1.0440552150937957E-002
  -1.7601729041287376E-002  -4.2265730624494692E-003  -4.2265730624494692E-003  -1.0440552150937957E-002   2.4847419078686223E-002   2.4847419078686223E-002   1.6260817653647027E-003   3.6242680193299015E-002   3.6242680193299015E-002  -2.1401420397156631E-002  -1.0440552150937957E-002  -1.7601729041287376E-002  -1.0440552150937957E-002   3.6242680193299015E-002   1.6260817653647027E-003  -1.7601729041287376E-002   1.6260817653647027E-003  0.89739643956474746       -4.2265730624494692E-003  -4.2265730624494692E-003  -1.0440552150937957E-002   2.4847419078686223E-002   2.4847419078686223E-002   1.6260817653647027E-003   3.6242680193299015E-002   3.6242680193299015E-002  -1.7601729041287376E-002
   1.0904055907015028E-002   2.4847419078686223E-002  -2.1401420397156631E-002  -1.0440552150937957E-002  -1.7601729041287376E-002  -4.2265730624494692E-003  -9.0196219576141184E-003   1.0904055907015028E-002   8.9634682772738918E-003   3.6242680193299015E-002   1.6260817653647027E-003   2.4847419078686223E-002  -1.0440552150937957E-002   2.4847419078686223E-002  -1.0440552150937957E-002   1.0904055907015028E-002  -9.0196219576141184E-003  -4.2265730624494692E-003  0.89739643956474746        2.4847419078686223E-002   1.6260817653647027E-003   3.6242680193299015E-002  -1.7601729041287376E-002  -1.0440552150937957E-002  -2.1401420397156631E-002   1.0904055907015028E-002   2.4847419078686223E-002
   1.0904055907015028E-002  -2.1401420397156631E-002   2.4847419078686223E-002  -1.0440552150937957E-002  -4.2265730624494692E-003  -1.7601729041287376E-002  -9.0196219576141184E-003   8.9634682772738918E-003   1.0904055907015028E-002   3.6242680193299015E-002  -1.0440552150937957E-002   1.0904055907015028E-002   1.6260817653647027E-003   2.4847419078686223E-002  -9.0196219576141184E-003   2.4847419078686223E-002  -1.0440552150937957E-002  -4.2265730624494692E-003   2.4847419078686223E-002  0.89739643956474746        1.6260817653647027E-003  -1.7601729041287376E-002   3.6242680193299015E-002  -1.0440552150937957E-002   1.0904055907015028E-002  -2.1401420397156631E-002   2.4847419078686223E-002
  -9.0196219576141184E-003  -1.0440552150937957E-002  -1.0440552150937957E-002   2.4847419078686223E-002  -1.0440552150937957E-002  -1.0440552150937957E-002  -1.7601729041287376E-002  -9.0196219576141184E-003  -9.0196219576141184E-003   1.6260817653647027E-003   3.6242680193299015E-002  -1.0440552150937957E-002   3.6242680193299015E-002   1.6260817653647027E-003   2.4847419078686223E-002  -1.0440552150937957E-002   2.4847419078686223E-002  -1.0440552150937957E-002   1.6260817653647027E-003   1.6260817653647027E-003  0.89739643956474746        1.6260817653647027E-003   1.6260817653647027E-003   3.6242680193299015E-002  -1.0440552150937957E-002  -1.0440552150937957E-002   1.6260817653647027E-003
  -4.2265730624494692E-003  -1.7601729041287376E-002  -4.2265730624494692E-003  -1.0440552150937957E-002   2.4847419078686223E-002  -2.1401420397156631E-002  -1.0440552150937957E-002  -1.7601729041287376E-002  -4.2265730624494692E-003   2.4847419078686223E-002   1.6260817653647027E-003   3.6242680193299015E-002  -1.0440552150937957E-002   3.6242680193299015E-002   1.6260817653647027E-003  -4.2265730624494692E-003  -1.0440552150937957E-002   2.4847419078686223E-002   3.6242680193299015E-002  -1.7601729041287376E-002   1.6260817653647027E-003  0.89739643956474746        2.4847419078686223E-002   1.6260817653647027E-003   3.6242680193299015E-002  -1.7601729041287376E-002   3.6242680193299015E-002
  -4.2265730624494692E-003  -4.2265730624494692E-003  -1.7601729041287376E-002  -1.0440552150937957E-002  -2.1401420397156631E-002   2.4847419078686223E-002  -1.0440552150937957E-002  -4.2265730624494692E-003  -1.7601729041287376E-002   2.4847419078686223E-002  -1.0440552150937957E-002  -4.2265730624494692E-003   1.6260817653647027E-003   3.6242680193299015E-002  -1.0440552150937957E-002   3.6242680193299015E-002   1.6260817653647027E-003   2.4847419078686223E-002  -1.7601729041287376E-002   3.6242680193299015E-002   1.6260817653647027E-003   2.4847419078686223E-002  0.89739643956474746        1.6260817653647027E-003  -1.7601729041287376E-002   3.6242680193299015E-002   3.6242680193299015E-002
  -9.0196219576141184E-003  -9.0196219576141184E-003  -9.0196219576141184E-003  -1.7601729041287376E-002  -1.0440552150937957E-002  -1.0440552150937957E-002   2.4847419078686223E-002  -1.0440552150937957E-002  -1.0440552150937957E-002  -1.0440552150937957E-002   2.4847419078686223E-002  -1.0440552150937957E-002   2.4847419078686223E-002   1.6260817653647027E-003   3.6242680193299015E-002  -1.0440552150937957E-002   3.6242680193299015E-002   1.6260817653647027E-003  -1.0440552150937957E-002  -1.0440552150937957E-002   3.6242680193299015E-002   1.6260817653647027E-003   1.6260817653647027E-003  0.89739643956474746        1.6260817653647027E-003   1.6260817653647027E-003   1.6260817653647027E-003
   1.0904055907015028E-002   1.0904055907015028E-002   8.9634682772738918E-003  -9.0196219576141184E-003  -1.7601729041287376E-002  -4.2265730624494692E-003  -1.0440552150937957E-002   2.4847419078686223E-002  -2.1401420397156631E-002  -4.2265730624494692E-003  -1.0440552150937957E-002   2.4847419078686223E-002  -9.0196219576141184E-003   2.4847419078686223E-002   1.6260817653647027E-003   1.0904055907015028E-002  -1.0440552150937957E-002   3.6242680193299015E-002  -2.1401420397156631E-002   1.0904055907015028E-002  -1.0440552150937957E-002   3.6242680193299015E-002  -1.7601729041287376E-002   1.6260817653647027E-003  0.89739643956474746        2.4847419078686223E-002   2.4847419078686223E-002
   1.0904055907015028E-002   8.9634682772738918E-003   1.0904055907015028E-002  -9.0196219576141184E-003  -4.2265730624494692E-003  -1.7601729041287376E-002  -1.0440552150937957E-002  -2.1401420397156631E-002   2.4847419078686223E-002  -4.2265730624494692E-003  -9.0196219576141184E-003   1.0904055907015028E-002  -1.0440552150937957E-002   2.4847419078686223E-002  -1.0440552150937957E-002   2.4847419078686223E-002   1.6260817653647027E-003   3.6242680193299015E-002   1.0904055907015028E-002  -2.1401420397156631E-002  -1.0440552150937957E-002  -1.7601729041287376E-002   3.6242680193299015E-002   1.6260817653647027E-003   2.4847419078686223E-002  0.89739643956474746        2.4847419078686223E-002
   8.9634682772738918E-003   1.0904055907015028E-002   1.0904055907015028E-002  -9.0196219576141184E-003  -4.2265730624494692E-003  -4.2265730624494692E-003  -9.0196219576141184E-003   1.0904055907015028E-002   1.0904055907015028E-002  -1.7601729041287376E-002  -1.0440552150937957E-002  -2.1401420397156631E-002  -1.0440552150937957E-002   2.4847419078686223E-002  -1.0440552150937957E-002  -2.1401420397156631E-002  -1.0440552150937957E-002  -1.7601729041287376E-002   2.4847419078686223E-002   2.4847419078686223E-002   1.6260817653647027E-003   3.6242680193299015E-002   3.6242680193299015E-002   1.6260817653647027E-003   2.4847419078686223E-002   2.4847419078686223E-002  0.89739643956474746     
